 -10.0000000       0.0000000      -99.000000    
  -9.8999996       0.0000000      -98.000000    
  -9.7999992       0.0000000      -97.000000    
  -9.6999989       0.0000000      -96.000000    
  -9.5999985       0.0000000      -95.000000    
  -9.4999981       0.0000000      -94.000000    
  -9.3999977       0.0000000      -93.000000    
  -9.2999973       0.0000000      -92.000000    
  -9.1999969       0.0000000      -91.000000    
  -9.0999966       0.0000000      -90.000000    
  -8.9999962       0.0000000      -89.000000    
  -8.8999958       0.0000000      -88.000000    
  -8.7999954       0.0000000      -87.000000    
  -8.6999950       0.0000000      -86.000000    
  -8.5999947       0.0000000      -85.000000    
  -8.4999943       0.0000000      -84.000000    
  -8.3999939       0.0000000      -83.000000    
  -8.2999935       0.0000000      -82.000000    
  -8.1999931       0.0000000      -81.000000    
  -8.0999928       0.0000000      -80.000000    
  -7.9999928       0.0000000      -79.000000    
  -7.8999929       0.0000000      -78.000000    
  -7.7999930       0.0000000      -77.000000    
  -7.6999931       0.0000000      -76.000000    
  -7.5999932       0.0000000      -75.000000    
  -7.4999933       0.0000000      -74.000000    
  -7.3999934       0.0000000      -73.000000    
  -7.2999935       0.0000000      -72.000000    
  -7.1999936       0.0000000      -71.000000    
  -7.0999937       0.0000000      -70.000000    
  -6.9999938       0.0000000      -69.000000    
  -6.8999939       0.0000000      -68.000000    
  -6.7999940       0.0000000      -67.000000    
  -6.6999941       0.0000000      -66.000000    
  -6.5999942       0.0000000      -65.000000    
  -6.4999943       0.0000000      -64.000000    
  -6.3999944       0.0000000      -63.000000    
  -6.2999945       0.0000000      -62.000000    
  -6.1999946       0.0000000      -61.000000    
  -6.0999947       0.0000000      -60.000000    
  -5.9999948       0.0000000      -59.000000    
  -5.8999949       0.0000000      -58.000000    
  -5.7999949       0.0000000      -57.000000    
  -5.6999950       0.0000000      -56.000000    
  -5.5999951       0.0000000      -55.000000    
  -5.4999952       0.0000000      -54.000000    
  -5.3999953       0.0000000      -53.000000    
  -5.2999954       0.0000000      -52.000000    
  -5.1999955       0.0000000      -51.000000    
  -5.0999956       0.0000000      -50.000000    
  -4.9999957       0.0000000      -49.000000    
  -4.8999958       0.0000000      -48.000000    
  -4.7999959       0.0000000      -47.000000    
  -4.6999960       0.0000000      -46.000000    
  -4.5999961       0.0000000      -45.000000    
  -4.4999962       0.0000000      -44.000000    
  -4.3999963       0.0000000      -43.000000    
  -4.2999964       0.0000000      -42.000000    
  -4.1999965       0.0000000      -41.000000    
  -4.0999966       0.0000000      -40.000000    
  -3.9999967       0.0000000      -39.000000    
  -3.8999968       0.0000000      -38.000000    
  -3.7999969       0.0000000      -37.000000    
  -3.6999969       0.0000000      -36.000000    
  -3.5999970       0.0000000      -35.000000    
  -3.4999971       0.0000000      -34.000000    
  -3.3999972       0.0000000      -33.000000    
  -3.2999973       0.0000000      -32.000000    
  -3.1999974       0.0000000      -31.000000    
  -3.0999975       0.0000000      -30.000000    
  -2.9999976       0.0000000      -29.000000    
  -2.8999977       0.0000000      -28.000000    
  -2.7999978       0.0000000      -27.000000    
  -2.6999979      1.00000000      -26.000000    
  -2.5999980       2.0000000      -25.000000    
  -2.4999981       0.0000000      -24.000000    
  -2.3999982       0.0000000      -23.000000    
  -2.2999983       3.0000000      -22.000000    
  -2.1999984       5.0000000      -21.000000    
  -2.0999985       7.0000000      -20.000000    
  -1.9999985       16.000000      -19.000000    
  -1.8999984       24.000000      -18.000000    
  -1.7999984       44.000000      -17.000000    
  -1.6999984       36.000000      -16.000000    
  -1.5999984       44.000000      -15.000000    
  -1.4999983       78.000000      -14.000000    
  -1.3999983       88.000000      -13.000000    
  -1.2999983       115.00000      -12.000000    
  -1.1999983       166.00000      -11.000000    
  -1.0999982       170.00000     -10.0000000    
 -0.99999821       241.00000      -9.0000000    
 -0.89999819       264.00000      -8.0000000    
 -0.79999816       282.00000      -7.0000000    
 -0.69999814       417.00000      -6.0000000    
 -0.59999812       426.00000      -5.0000000    
 -0.49999812       415.00000      -4.0000000    
 -0.39999813       453.00000      -3.0000000    
 -0.29999813       557.00000      -2.0000000    
 -0.19999814       602.00000     -1.00000000    
 -9.99981388E-02   1048.0000       0.0000000    
  1.86264515E-06   463.00000      1.00000000    
  0.10000186       517.00000       2.0000000    
  0.20000187       509.00000       3.0000000    
  0.30000186       487.00000       4.0000000    
  0.40000185       440.00000       5.0000000    
  0.50000185       344.00000       6.0000000    
  0.60000187       360.00000       7.0000000    
  0.70000190       278.00000       8.0000000    
  0.80000192       232.00000       9.0000000    
  0.90000194       223.00000      10.0000000    
   1.0000019       124.00000       11.000000    
   1.1000019       143.00000       12.000000    
   1.2000020       106.00000       13.000000    
   1.3000020       76.000000       14.000000    
   1.4000020       54.000000       15.000000    
   1.5000020       31.000000       16.000000    
   1.6000021       39.000000       17.000000    
   1.7000021       23.000000       18.000000    
   1.8000021       17.000000       19.000000    
   1.9000021       16.000000       20.000000    
   2.0000021       2.0000000       21.000000    
   2.1000021      1.00000000       22.000000    
   2.2000020       0.0000000       23.000000    
   2.3000019       7.0000000       24.000000    
   2.4000018       2.0000000       25.000000    
   2.5000017      1.00000000       26.000000    
   2.6000016      1.00000000       27.000000    
   2.7000015       0.0000000       28.000000    
   2.8000014       0.0000000       29.000000    
   2.9000013       0.0000000       30.000000    
   3.0000012       0.0000000       31.000000    
   3.1000011       0.0000000       32.000000    
   3.2000010       0.0000000       33.000000    
   3.3000009       0.0000000       34.000000    
   3.4000008       0.0000000       35.000000    
   3.5000007       0.0000000       36.000000    
   3.6000006       0.0000000       37.000000    
   3.7000005       0.0000000       38.000000    
   3.8000004       0.0000000       39.000000    
   3.9000003       0.0000000       40.000000    
   4.0000005       0.0000000       41.000000    
   4.1000004       0.0000000       42.000000    
   4.2000003       0.0000000       43.000000    
   4.3000002       0.0000000       44.000000    
   4.4000001       0.0000000       45.000000    
   4.5000000       0.0000000       46.000000    
   4.5999999       0.0000000       47.000000    
   4.6999998       0.0000000       48.000000    
   4.7999997       0.0000000       49.000000    
   4.8999996       0.0000000       50.000000    
   4.9999995       0.0000000       51.000000    
   5.0999994       0.0000000       52.000000    
   5.1999993       0.0000000       53.000000    
   5.2999992       0.0000000       54.000000    
   5.3999991       0.0000000       55.000000    
   5.4999990       0.0000000       56.000000    
   5.5999990       0.0000000       57.000000    
   5.6999989       0.0000000       58.000000    
   5.7999988       0.0000000       59.000000    
   5.8999987       0.0000000       60.000000    
   5.9999986       0.0000000       61.000000    
   6.0999985       0.0000000       62.000000    
   6.1999984       0.0000000       63.000000    
   6.2999983       0.0000000       64.000000    
   6.3999982       0.0000000       65.000000    
   6.4999981       0.0000000       66.000000    
   6.5999980       0.0000000       67.000000    
   6.6999979       0.0000000       68.000000    
   6.7999978       0.0000000       69.000000    
   6.8999977       0.0000000       70.000000    
   6.9999976       0.0000000       71.000000    
   7.0999975       0.0000000       72.000000    
   7.1999974       0.0000000       73.000000    
   7.2999973       0.0000000       74.000000    
   7.3999972       0.0000000       75.000000    
   7.4999971       0.0000000       76.000000    
   7.5999970       0.0000000       77.000000    
   7.6999969       0.0000000       78.000000    
   7.7999969       0.0000000       79.000000    
   7.8999968       0.0000000       80.000000    
   7.9999967       0.0000000       81.000000    
   8.0999966       0.0000000       82.000000    
   8.1999969       0.0000000       83.000000    
   8.2999973       0.0000000       84.000000    
   8.3999977       0.0000000       85.000000    
   8.4999981       0.0000000       86.000000    
   8.5999985       0.0000000       87.000000    
   8.6999989       0.0000000       88.000000    
   8.7999992       0.0000000       89.000000    
   8.8999996       0.0000000       90.000000    
   9.0000000       0.0000000       91.000000    
   9.1000004       0.0000000       92.000000    
   9.2000008       0.0000000       93.000000    
   9.3000011       0.0000000       94.000000    
   9.4000015       0.0000000       95.000000    
   9.5000019       0.0000000       96.000000    
   9.6000023       0.0000000       97.000000    
   9.7000027       0.0000000       98.000000    
   9.8000031       0.0000000       99.000000    
